{
  "camera_angle_x": 1.192998178242435,
  "camera_angle_y": 0.7317974716614596,
  "fl_x": 1413.8239418720268,
  "fl_y": 1409.360946415347,
  "k1": 0.05960304420539611,
  "k2": -0.03793084654519334,
  "p1": 0.00108166303522936,
  "p2": -0.0013777328469646364,
  "cx": 960.0,
  "cy": 540.0,
  "w": 1920.0,
  "h": 1080.0,
  "aabb_scale": 1,
  "frames": [
    {
      "file_path": "./../data/preprocessed/indoor/images/001029.jpg",
      "sharpness": 86.10459996975297,
      "transform_matrix": [
        [
          0.9841568605583597,
          0.0044069866362670745,
          0.1772451756574864,
          -1.9799971393527727
        ],
        [
          0.1767698333379308,
          0.05285916943823746,
          -0.9828317934560257,
          6.059210066711826
        ],
        [
          -0.01370035935164835,
          0.9985922524655507,
          0.05124269195284277,
          0.22241331905182793
        ],
        [
          0.0,
          0.0,
          0.0,
          1.0
        ]
      ]
    },
    {
      "file_path": "./../data/preprocessed/indoor/images/001028.jpg",
      "sharpness": 182.10701961731792,
      "transform_matrix": [
        [
          0.9862239217652339,
          -0.0015524333314482733,
          0.165408482545198,
          -1.97490764296082
        ],
        [
          0.16527262641061416,
          0.05083838411668307,
          -0.98493675820316,
          6.045216263219599
        ],
        [
          -0.006880051318987239,
          0.9987056867066958,
          0.050394605293778434,
          0.22313056082042013
        ],
        [
          0.0,
          0.0,
          0.0,
          1.0
        ]
      ]
    },
    {
      "file_path": "./../data/preprocessed/indoor/images/001027.jpg",
      "sharpness": 120.10119500907405,
      "transform_matrix": [
        [
          0.9867873918686868,
          0.013409733013635957,
          0.16146461630539993,
          -1.96982835615217
        ],
        [
          0.16061616693154077,
          0.04996295710108569,
          -0.985751565983003,
          6.023446694191702
        ],
        [
          -0.021285915015415532,
          0.9986610445928865,
          0.047148996211601915,
          0.22085415412568488
        ],
        [
          0.0,
          0.0,
          0.0,
          1.0
        ]
      ]
    },
    {
      "file_path": "./../data/preprocessed/indoor/images/001026.jpg",
      "sharpness": 164.10227162547488,
      "transform_matrix": [
        [
          0.9868039512325972,
          0.016246184127661115,
          0.16110252431968866,
          -1.9631989847911544
        ],
        [
          0.16014457573759058,
          0.04899379161537848,
          -0.9858769310846986,
          6.011338374005412
        ],
        [
          -0.02390976165484575,
          0.9986669464308794,
          0.04574552888744294,
          0.21744864965729893
        ],
        [
          0.0,
          0.0,
          0.0,
          1.0
        ]
      ]
    },
    {
      "file_path": "./../data/preprocessed/indoor/images/001025.jpg",
      "sharpness": 104.0444144235191,
      "transform_matrix": [
        [
          0.9866833273183,
          0.014913907558777325,
          0.16196785780693929,
          -1.9619277942401834
        ],
        [
          0.1609328751872793,
          0.05492524003854623,
          -0.9854358567104569,
          5.995676569263399
        ],
        [
          -0.023592822740659544,
          0.9983790830026283,
          0.051793680571277784,
          0.21572623276937028
        ],
        [
          0.0,
          0.0,
          0.0,
          1.0
        ]
      ]
    },
    {
      "file_path": "./../data/preprocessed/indoor/images/001024.jpg",
      "sharpness": 39.18594523527784,
      "transform_matrix": [
        [
          0.9898545029442449,
          0.026262243209624978,
          0.1396365195489777,
          -1.9605646647216344
        ],
        [
          0.13782854194081606,
          0.06126068362281511,
          -0.9885597714192812,
          5.979047597958569
        ],
        [
          -0.03451602579054539,
          0.9977762390600355,
          0.05701947684780863,
          0.215008430585383
        ],
        [
          0.0,
          0.0,
          0.0,
          1.0
        ]
      ]
    },
    {
      "file_path": "./../data/preprocessed/indoor/images/001023.jpg",
      "sharpness": 99.41401715436366,
      "transform_matrix": [
        [
          0.9928998006316127,
          0.00787437422941845,
          0.11869279736088187,
          -1.954700160498498
        ],
        [
          0.11808372111589205,
          0.05521144299382131,
          -0.991467564456837,
          5.955922588379439
        ],
        [
          -0.014360387254130684,
          0.9984436342639316,
          0.05388959533068001,
          0.2168701081445635
        ],
        [
          0.0,
          0.0,
          0.0,
          1.0
        ]
      ]
    },
    {
      "file_path": "./../data/preprocessed/indoor/images/001022.jpg",
      "sharpness": 26.920465172647475,
      "transform_matrix": [
        [
          0.9955787741209116,
          0.019089755312948924,
          0.09197002648225522,
          -1.951993315567236
        ],
        [
          0.09090388506382295,
          0.050726862331931695,
          -0.9945668751362416,
          5.9406089837494696
        ],
        [
          -0.023651389160744524,
          0.9985301030460649,
          0.048767254492560023,
          0.21928306535179012
        ],
        [
          0.0,
          0.0,
          0.0,
          1.0
        ]
      ]
    },
    {
      "file_path": "./../data/preprocessed/indoor/images/001021.jpg",
      "sharpness": 173.04510114921268,
      "transform_matrix": [
        [
          0.9962631139361874,
          0.015117661724557068,
          0.08503683980079003,
          -1.9470759353172042
        ],
        [
          0.08431263165197456,
          0.04339849456428124,
          -0.9954938225893122,
          5.928980984840937
        ],
        [
          -0.018740009688649667,
          0.9989434553480386,
          0.041961709490331824,
          0.22079892678654436
        ],
        [
          0.0,
          0.0,
          0.0,
          1.0
        ]
      ]
    },
    {
      "file_path": "./../data/preprocessed/indoor/images/001020.jpg",
      "sharpness": 56.721528889080666,
      "transform_matrix": [
        [
          0.9974686791957941,
          0.007916833083539155,
          0.07066511010730363,
          -1.9441736689252294
        ],
        [
          0.07034669116648874,
          0.03508951494684122,
          -0.9969052457393983,
          5.9048264039739315
        ],
        [
          -0.010371936867953797,
          0.9993528154280009,
          0.03444376911570244,
          0.22001764077455338
        ],
        [
          0.0,
          0.0,
          0.0,
          1.0
        ]
      ]
    },
    {
      "file_path": "./../data/preprocessed/indoor/images/001019.jpg",
      "sharpness": 127.67407271009954,
      "transform_matrix": [
        [
          0.9975102300741152,
          -0.0015101698588040112,
          0.0705057465291656,
          -1.9413252420825005
        ],
        [
          0.07051955720988266,
          0.029540487203593452,
          -0.997072891852298,
          5.894561483043869
        ],
        [
          -0.0005770246748187124,
          0.9995624437782386,
          0.029573434696712562,
          0.2177434288788379
        ],
        [
          0.0,
          0.0,
          0.0,
          1.0
        ]
      ]
    },
    {
      "file_path": "./../data/preprocessed/indoor/images/001018.jpg",
      "sharpness": 176.7012097092093,
      "transform_matrix": [
        [
          0.9972067384098585,
          0.003807141667083322,
          0.07459374338006321,
          -1.9381645745663056
        ],
        [
          0.07442175772271441,
          0.034049643365506706,
          -0.9966453851617191,
          5.884770710279747
        ],
        [
          -0.006334260532544763,
          0.9994128913858168,
          0.033671199629772115,
          0.21560371609363999
        ],
        [
          0.0,
          0.0,
          0.0,
          1.0
        ]
      ]
    },
    {
      "file_path": "./../data/preprocessed/indoor/images/001017.jpg",
      "sharpness": 108.79984415446178,
      "transform_matrix": [
        [
          0.9956205397389778,
          0.027593611580444603,
          0.08932151733466077,
          -1.9331355006571205
        ],
        [
          0.0883056403754916,
          0.036070410892783025,
          -0.9954401234307909,
          5.859777299427064
        ],
        [
          -0.03068965194936713,
          0.9989682267555468,
          0.0334757704207956,
          0.21555385560749749
        ],
        [
          0.0,
          0.0,
          0.0,
          1.0
        ]
      ]
    },
    {
      "file_path": "./../data/preprocessed/indoor/images/001016.jpg",
      "sharpness": 115.1705594092786,
      "transform_matrix": [
        [
          0.995538603709901,
          0.0165164105645056,
          0.09289831384130333,
          -1.93021199894445
        ],
        [
          0.09229027278409777,
          0.03439621736224074,
          -0.9951378827984665,
          5.844032511500908
        ],
        [
          -0.01963145643606344,
          0.9992717890656093,
          0.032718458169295056,
          0.21785020776965802
        ],
        [
          0.0,
          0.0,
          0.0,
          1.0
        ]
      ]
    },
    {
      "file_path": "./../data/preprocessed/indoor/images/001015.jpg",
      "sharpness": 133.60546484816976,
      "transform_matrix": [
        [
          0.9955865235318946,
          0.01779207546516081,
          0.09214616769823107,
          -1.9268549480288006
        ],
        [
          0.0915980652317731,
          0.029492790367846213,
          -0.9953592164450592,
          5.8286743855817145
        ],
        [
          -0.020427153901058148,
          0.9994066326456478,
          0.02773290494251254,
          0.22059739012625137
        ],
        [
          0.0,
          0.0,
          0.0,
          1.0
        ]
      ]
    },
    {
      "file_path": "./../data/preprocessed/indoor/images/001014.jpg",
      "sharpness": 82.2276593034323,
      "transform_matrix": [
        [
          0.9954391958187971,
          0.01691628870683911,
          0.09388634945062661,
          -1.9234872295095198
        ],
        [
          0.09353743745435375,
          0.020356561443252704,
          -0.9954076341884703,
          5.8138051593198705
        ],
        [
          -0.018749806162198256,
          0.9996496634280183,
          0.018681412855831688,
          0.22224819364313486
        ],
        [
          0.0,
          0.0,
          0.0,
          1.0
        ]
      ]
    },
    {
      "file_path": "./../data/preprocessed/indoor/images/001013.jpg",
      "sharpness": 106.64935422609226,
      "transform_matrix": [
        [
          0.9947197937884644,
          0.034419406844484725,
          0.09668420908845535,
          -1.9193491221139012
        ],
        [
          0.09661292949341656,
          0.00373200537225973,
          -0.9953150325352318,
          5.791412506759559
        ],
        [
          -0.0346189790309925,
          0.9994005085937947,
          0.00038693988764023745,
          0.22154394841899447
        ],
        [
          0.0,
          0.0,
          0.0,
          1.0
        ]
      ]
    },
    {
      "file_path": "./../data/preprocessed/indoor/images/001012.jpg",
      "sharpness": 81.31290303276327,
      "transform_matrix": [
        [
          0.9944084744848114,
          0.04183744717050791,
          0.09696088848704423,
          -1.9174320971402021
        ],
        [
          0.09803079890570375,
          -0.024323118079781866,
          -0.99488609820059,
          5.7757596663291455
        ],
        [
          -0.03926510343434901,
          0.9988283205587873,
          -0.028288473114729856,
          0.21922870387800608
        ],
        [
          0.0,
          0.0,
          0.0,
          1.0
        ]
      ]
    },
    {
      "file_path": "./../data/preprocessed/indoor/images/001011.jpg",
      "sharpness": 167.86241506201316,
      "transform_matrix": [
        [
          0.9952059719973535,
          0.030879199956051904,
          0.09279842843512487,
          -1.9151612853540116
        ],
        [
          0.09373144341489556,
          -0.030277346621565383,
          -0.9951370251362001,
          5.761353548318841
        ],
        [
          -0.027919344999184567,
          0.9990644410150851,
          -0.033026548157393684,
          0.2169927598888017
        ],
        [
          0.0,
          0.0,
          0.0,
          1.0
        ]
      ]
    },
    {
      "file_path": "./../data/preprocessed/indoor/images/001010.jpg",
      "sharpness": 65.27968919722949,
      "transform_matrix": [
        [
          0.9947140104810495,
          0.05803961182265484,
          0.08470797377658032,
          -1.9122677643739652
        ],
        [
          0.08564193515941815,
          -0.013793443611993835,
          -0.9962304953450686,
          5.736232055466784
        ],
        [
          -0.05665241657594545,
          0.9982189861858758,
          -0.018691156286024174,
          0.21601011909147538
        ],
        [
          0.0,
          0.0,
          0.0,
          1.0
        ]
      ]
    },
    {
      "file_path": "./../data/preprocessed/indoor/images/001009.jpg",
      "sharpness": 123.47765142684023,
      "transform_matrix": [
        [
          0.994986692426564,
          0.06434605546521605,
          0.07655760608369151,
          -1.909631749898746
        ],
        [
          0.07749098230507717,
          -0.012133572175068752,
          -0.9969192164301351,
          5.721522703098939
        ],
        [
          -0.06321890195578625,
          0.9978538778706527,
          -0.017058981891247202,
          0.21755017672409613
        ],
        [
          0.0,
          0.0,
          0.0,
          1.0
        ]
      ]
    },
    {
      "file_path": "./../data/preprocessed/indoor/images/001008.jpg",
      "sharpness": 123.81223169547911,
      "transform_matrix": [
        [
          0.9951277075519234,
          0.07021361908999171,
          0.06921627963052511,
          -1.9068926863389992
        ],
        [
          0.06904652749295379,
          0.004844701345200657,
          -0.9976016769783662,
          5.706209126948612
        ],
        [
          -0.07038055635393176,
          0.9975202136159054,
          -2.6910037453608487e-05,
          0.21989339386317505
        ],
        [
          0.0,
          0.0,
          0.0,
          1.0
        ]
      ]
    },
    {
      "file_path": "./../data/preprocessed/indoor/images/001007.jpg",
      "sharpness": 87.1260278570779,
      "transform_matrix": [
        [
          0.9948994031587041,
          0.056134516407563784,
          0.08380986619303853,
          -1.9039269610192204
        ],
        [
          0.08382655306211102,
          0.002061465388890951,
          -0.9964782282429373,
          5.6848284484195
        ],
        [
          -0.056109594591487774,
          0.9984210867351007,
          -0.00265461233321463,
          0.22170096814698254
        ],
        [
          0.0,
          0.0,
          0.0,
          1.0
        ]
      ]
    },
    {
      "file_path": "./../data/preprocessed/indoor/images/001006.jpg",
      "sharpness": 122.62366126197062,
      "transform_matrix": [
        [
          0.9927086158295699,
          0.0676785034295096,
          0.09974579810915782,
          -1.9015058405011886
        ],
        [
          0.09987157987783782,
          0.0015308743930040668,
          -0.9949991577666313,
          5.669987848473207
        ],
        [
          -0.06749275219940319,
          0.9977060071014384,
          -0.0052394468615847515,
          0.2212246527028854
        ],
        [
          0.0,
          0.0,
          0.0,
          1.0
        ]
      ]
    },
    {
      "file_path": "./../data/preprocessed/indoor/images/001005.jpg",
      "sharpness": 133.64305796206514,
      "transform_matrix": [
        [
          0.9923841866181978,
          0.07443477031261612,
          0.0981483118947964,
          -1.9001720180766306
        ],
        [
          0.09949744946734866,
          -0.01462985448189387,
          -0.9949302613285712,
          5.654545246575798
        ],
        [
          -0.07262150995839893,
          0.9971185648334434,
          -0.021924506038150063,
          0.21980531200602305
        ],
        [
          0.0,
          0.0,
          0.0,
          1.0
        ]
      ]
    },
    {
      "file_path": "./../data/preprocessed/indoor/images/001004.jpg",
      "sharpness": 139.5472366812415,
      "transform_matrix": [
        [
          0.9931389323602742,
          0.06029778727219012,
          0.1001959973727727,
          -1.8969324595481671
        ],
        [
          0.10153813228301652,
          -0.019614299562653488,
          -0.9946382693950355,
          5.643576157022142
        ],
        [
          -0.05800921247331279,
          0.9979877033871218,
          -0.02560224922706509,
          0.21762175960635302
        ],
        [
          0.0,
          0.0,
          0.0,
          1.0
        ]
      ]
    },
    {
      "file_path": "./../data/preprocessed/indoor/images/001003.jpg",
      "sharpness": 84.29380177563446,
      "transform_matrix": [
        [
          0.992457508269678,
          0.060327902032373246,
          0.10671756427442741,
          -1.8927009885908412
        ],
        [
          0.10752349094395673,
          -0.010265193150262503,
          -0.9941495484608044,
          5.620081025285387
        ],
        [
          -0.058879480155268914,
          0.9981258287686576,
          -0.016674434643662306,
          0.21700517201374547
        ],
        [
          0.0,
          0.0,
          0.0,
          1.0
        ]
      ]
    },
    {
      "file_path": "./../data/preprocessed/indoor/images/001002.jpg",
      "sharpness": 153.3101238567084,
      "transform_matrix": [
        [
          0.9922271109607774,
          0.05788629223894399,
          0.11015687656432843,
          -1.8875246834775083
        ],
        [
          0.10982680339439609,
          0.008862625139163636,
          -0.9939112269875108,
          5.60753245877517
        ],
        [
          -0.058510114848457195,
          0.9982838429302708,
          0.0024362705004036668,
          0.2174248844847941
        ],
        [
          0.0,
          0.0,
          0.0,
          1.0
        ]
      ]
    },
    {
      "file_path": "./../data/preprocessed/indoor/images/001001.jpg",
      "sharpness": 140.8838897713366,
      "transform_matrix": [
        [
          0.9919193785885028,
          0.051048961934837836,
          0.1161462434826309,
          -1.8831707459651272
        ],
        [
          0.11573391670958948,
          0.010970232387024962,
          -0.9932196708303964,
          5.592540173691849
        ],
        [
          -0.05197698445103749,
          0.9986358983613142,
          0.004973489783631719,
          0.21951156138060152
        ],
        [
          0.0,
          0.0,
          0.0,
          1.0
        ]
      ]
    },
    {
      "file_path": "./../data/preprocessed/indoor/images/001000.jpg",
      "sharpness": 38.82961178082124,
      "transform_matrix": [
        [
          0.9943753822434617,
          0.056143204020979,
          0.08980835061162365,
          -1.8784984545213355
        ],
        [
          0.08980881762141046,
          0.002519869172636072,
          -0.9959558356356997,
          5.561879349482709
        ],
        [
          -0.05614245697013124,
          0.9984195465388146,
          -0.0025364588988582154,
          0.22184735190712682
        ],
        [
          0.0,
          0.0,
          0.0,
          1.0
        ]
      ]
    },
    {
      "file_path": "./../data/preprocessed/indoor/images/000999.jpg",
      "sharpness": 73.02099438940861,
      "transform_matrix": [
        [
          0.9944324309673865,
          0.05058987894308555,
          0.09243811117699197,
          -1.874424529858883
        ],
        [
          0.09285378307027084,
          -0.005923838600145495,
          -0.9956621330078725,
          5.555086131438031
        ],
        [
          -0.049822838325967816,
          0.9987019436718463,
          -0.010588318864733652,
          0.22187627929568912
        ],
        [
          0.0,
          0.0,
          0.0,
          1.0
        ]
      ]
    },
    {
      "file_path": "./../data/preprocessed/indoor/images/000998.jpg",
      "sharpness": 48.47778114593026,
      "transform_matrix": [
        [
          0.9933925347636295,
          0.0681890746051512,
          0.09231209015907019,
          -1.871688233755187
        ],
        [
          0.09360506154793762,
          -0.016009408460468486,
          -0.9954806835360296,
          5.534617986914041
        ],
        [
          -0.06640304464042908,
          0.9975439584070457,
          -0.02228646937592315,
          0.22038454414483055
        ],
        [
          0.0,
          0.0,
          0.0,
          1.0
        ]
      ]
    },
    {
      "file_path": "./../data/preprocessed/indoor/images/000997.jpg",
      "sharpness": 104.02111251014533,
      "transform_matrix": [
        [
          0.9957639926425811,
          0.05998319898393271,
          0.0696856283986287,
          -1.8671918050240048
        ],
        [
          0.07202213914830315,
          -0.03771216286016531,
          -0.9966898234881898,
          5.5150827384770995
        ],
        [
          -0.05715664824037079,
          0.9974867460879926,
          -0.0418725321646066,
          0.21728216900638647
        ],
        [
          0.0,
          0.0,
          0.0,
          1.0
        ]
      ]
    },
    {
      "file_path": "./../data/preprocessed/indoor/images/000996.jpg",
      "sharpness": 21.56602284295353,
      "transform_matrix": [
        [
          0.9959622907511891,
          0.07383301299237968,
          0.051066638848303515,
          -1.8649011010260304
        ],
        [
          0.05202292379587886,
          -0.011086148872047804,
          -0.998584354325123,
          5.497612377176101
        ],
        [
          -0.07316235924620648,
          0.9972089969032639,
          -0.014882395434736123,
          0.2166799773033465
        ],
        [
          0.0,
          0.0,
          0.0,
          1.0
        ]
      ]
    },
    {
      "file_path": "./../data/preprocessed/indoor/images/000995.jpg",
      "sharpness": 140.74698831111164,
      "transform_matrix": [
        [
          0.9962786920752364,
          0.0774157090289556,
          0.03788899208941908,
          -1.8627214605986548
        ],
        [
          0.037063957068950895,
          0.012066894783751572,
          -0.9992400377970634,
          5.484903283338018
        ],
        [
          -0.07781407849718548,
          0.9969258739018565,
          0.009152657636653943,
          0.21678157559216468
        ],
        [
          0.0,
          0.0,
          0.0,
          1.0
        ]
      ]
    },
    {
      "file_path": "./../data/preprocessed/indoor/images/000994.jpg",
      "sharpness": 123.16245161601583,
      "transform_matrix": [
        [
          0.9970087591445804,
          0.06715246493794488,
          0.038263306847343394,
          -1.8604233000005104
        ],
        [
          0.036682383584745924,
          0.024619957964217697,
          -0.999023653576025,
          5.469541960756898
        ],
        [
          -0.06802894187509514,
          0.9974389225069131,
          0.022083001262581548,
          0.2184931577863842
        ],
        [
          0.0,
          0.0,
          0.0,
          1.0
        ]
      ]
    },
    {
      "file_path": "./../data/preprocessed/indoor/images/000993.jpg",
      "sharpness": 37.34324496673435,
      "transform_matrix": [
        [
          0.9959826793153919,
          0.05115865665650124,
          0.07349349877361618,
          -1.856675014173923
        ],
        [
          0.07151950702912299,
          0.03940448430209633,
          -0.9966605473937479,
          5.444180969106348
        ],
        [
          -0.053883788165928426,
          0.9979128611633048,
          0.0355873419478981,
          0.21956392612911727
        ],
        [
          0.0,
          0.0,
          0.0,
          1.0
        ]
      ]
    },
    {
      "file_path": "./../data/preprocessed/indoor/images/000992.jpg",
      "sharpness": 148.40309591297958,
      "transform_matrix": [
        [
          0.9957048126391187,
          0.04802563958298522,
          0.07915468425238795,
          -1.8556275196196568
        ],
        [
          0.07742541511717758,
          0.03686073627810789,
          -0.9963165115639594,
          5.428656156634852
        ],
        [
          -0.050766437636351976,
          0.9981657297627623,
          0.032984007428552786,
          0.21956594767005103
        ],
        [
          0.0,
          0.0,
          0.0,
          1.0
        ]
      ]
    },
    {
      "file_path": "./../data/preprocessed/indoor/images/000991.jpg",
      "sharpness": 140.54772581386325,
      "transform_matrix": [
        [
          0.9952861337363099,
          0.05290533938659751,
          0.08128060694759288,
          -1.8536243766044294
        ],
        [
          0.0798354350605387,
          0.028882611477505708,
          -0.9963895312893156,
          5.416284301986453
        ],
        [
          -0.05506192250523723,
          0.9981817569099231,
          0.024522741922700188,
          0.21755859343912037
        ],
        [
          0.0,
          0.0,
          0.0,
          1.0
        ]
      ]
    },
    {
      "file_path": "./../data/preprocessed/indoor/images/000990.jpg",
      "sharpness": 62.80611640776238,
      "transform_matrix": [
        [
          0.9950234807436481,
          0.04397436708734536,
          0.08941212343532864,
          -1.8501585901976467
        ],
        [
          0.08836714221644923,
          0.025163210788812215,
          -0.9957700844066886,
          5.395136142375839
        ],
        [
          -0.04603825533537507,
          0.9987157092342241,
          0.021152096435484272,
          0.2135289583290193
        ],
        [
          0.0,
          0.0,
          0.0,
          1.0
        ]
      ]
    },
    {
      "file_path": "./../data/preprocessed/indoor/images/000989.jpg",
      "sharpness": 81.12379245964553,
      "transform_matrix": [
        [
          0.9931059968151649,
          0.060243415256657266,
          0.10055451266414252,
          -1.8471513452195523
        ],
        [
          0.09749047957631404,
          0.0518135082260239,
          -0.9938867977578231,
          5.378486155235386
        ],
        [
          -0.06508521714452126,
          0.9968380466719055,
          0.0455831462906097,
          0.2142377301242174
        ],
        [
          0.0,
          0.0,
          0.0,
          1.0
        ]
      ]
    },
    {
      "file_path": "./../data/preprocessed/indoor/images/000988.jpg",
      "sharpness": 117.89104347444501,
      "transform_matrix": [
        [
          0.9920748896640912,
          0.07360111189263911,
          0.10183461904136666,
          -1.8435273481804706
        ],
        [
          0.09792749172027226,
          0.054883915889963164,
          -0.9936790035730689,
          5.364202225413036
        ],
        [
          -0.07872496219350039,
          0.9957763966442874,
          0.04724138252539928,
          0.21385522831323778
        ],
        [
          0.0,
          0.0,
          0.0,
          1.0
        ]
      ]
    },
    {
      "file_path": "./../data/preprocessed/indoor/images/000987.jpg",
      "sharpness": 84.4117128677031,
      "transform_matrix": [
        [
          0.9927818225748569,
          0.05588768722972366,
          0.10611700707337189,
          -1.8388383415494682
        ],
        [
          0.10359404995367862,
          0.04626307520038564,
          -0.9935431549194057,
          5.3389977478589214
        ],
        [
          -0.06043612816964387,
          0.997364674679355,
          0.04013950825268497,
          0.21730389913411421
        ],
        [
          0.0,
          0.0,
          0.0,
          1.0
        ]
      ]
    },
    {
      "file_path": "./../data/preprocessed/indoor/images/000986.jpg",
      "sharpness": 29.639166672675994,
      "transform_matrix": [
        [
          0.9937434207886321,
          0.0545256375313451,
          0.09747291162297379,
          -1.8361264155603607
        ],
        [
          0.09556982563788713,
          0.036490202889552424,
          -0.994753674796244,
          5.321538131639788
        ],
        [
          -0.05779638462627124,
          0.9978453888023068,
          0.031050893373069766,
          0.2193301025159185
        ],
        [
          0.0,
          0.0,
          0.0,
          1.0
        ]
      ]
    },
    {
      "file_path": "./../data/preprocessed/indoor/images/000985.jpg",
      "sharpness": 88.67093162413963,
      "transform_matrix": [
        [
          0.9955216009878421,
          0.0656809215042663,
          0.06799087090268618,
          -1.8328636783543044
        ],
        [
          0.06627975867192755,
          0.027891259486119434,
          -0.997411184634841,
          5.306888605937874
        ],
        [
          -0.06740723674851234,
          0.9974507978861821,
          0.02341303567053641,
          0.21962792129263906
        ],
        [
          0.0,
          0.0,
          0.0,
          1.0
        ]
      ]
    },
    {
      "file_path": "./../data/preprocessed/indoor/images/000984.jpg",
      "sharpness": 36.661981404722624,
      "transform_matrix": [
        [
          0.9946966867197549,
          0.08311444458766017,
          0.06058457343894242,
          -1.8301462962151143
        ],
        [
          0.058979688517655865,
          0.02163286345705482,
          -0.9980247569880304,
          5.291049475281565
        ],
        [
          -0.08426089116660318,
          0.9963051783106863,
          0.016616073551895146,
          0.217396468627242
        ],
        [
          0.0,
          0.0,
          0.0,
          1.0
        ]
      ]
    },
    {
      "file_path": "./../data/preprocessed/indoor/images/000983.jpg",
      "sharpness": 83.15245417397273,
      "transform_matrix": [
        [
          0.9958611304122867,
          0.07327601595314889,
          0.05377020019628195,
          -1.8283590931494278
        ],
        [
          0.05295884926353497,
          0.012972239021613423,
          -0.998512434223759,
          5.272154772335567
        ],
        [
          -0.0738645329487839,
          0.9972273294038619,
          0.009037935132547137,
          0.21402092475400392
        ],
        [
          0.0,
          0.0,
          0.0,
          1.0
        ]
      ]
    },
    {
      "file_path": "./../data/preprocessed/indoor/images/000982.jpg",
      "sharpness": 66.31089890177931,
      "transform_matrix": [
        [
          0.9955260872075115,
          0.08009604163073654,
          0.05012418391895932,
          -1.8266523524772116
        ],
        [
          0.047578932200320424,
          0.033377297383713506,
          -0.9983096720106667,
          5.254633730466797
        ],
        [
          -0.0816336628425123,
          0.9962281767464696,
          0.02941708613170699,
          0.21215373461187656
        ],
        [
          0.0,
          0.0,
          0.0,
          1.0
        ]
      ]
    },
    {
      "file_path": "./../data/preprocessed/indoor/images/000981.jpg",
      "sharpness": 149.88034306828166,
      "transform_matrix": [
        [
          0.9946511632489063,
          0.08593902566362158,
          0.05730224537255926,
          -1.8255542936936966
        ],
        [
          0.05425933954448104,
          0.037336971173233466,
          -0.9978285797950538,
          5.24068344669753
        ],
        [
          -0.08789190821053901,
          0.9956005396044855,
          0.03247426703604324,
          0.2130597810077269
        ],
        [
          0.0,
          0.0,
          0.0,
          1.0
        ]
      ]
    },
    {
      "file_path": "./../data/preprocessed/indoor/images/000980.jpg",
      "sharpness": 85.41208139949848,
      "transform_matrix": [
        [
          0.9939543051849239,
          0.09371333095398598,
          0.057207087104798465,
          -1.8230517752656001
        ],
        [
          0.05433289442552235,
          0.032941708198050486,
          -0.9979793487063484,
          5.211800611104501
        ],
        [
          -0.09540846816082818,
          0.9950540967563782,
          0.027650836166610862,
          0.21720774119670608
        ],
        [
          0.0,
          0.0,
          0.0,
          1.0
        ]
      ]
    },
    {
      "file_path": "./../data/preprocessed/indoor/images/000979.jpg",
      "sharpness": 46.90515210954372,
      "transform_matrix": [
        [
          0.9954227512798983,
          0.07116636673561344,
          0.06378788669615533,
          -1.8217608674885837
        ],
        [
          0.06262636763911826,
          0.018437063110025513,
          -0.997866730971734,
          5.197626461974569
        ],
        [
          -0.07219061102227431,
          0.9972940503977179,
          0.013895781039777906,
          0.21910665742381816
        ],
        [
          0.0,
          0.0,
          0.0,
          1.0
        ]
      ]
    },
    {
      "file_path": "./../data/preprocessed/indoor/images/000978.jpg",
      "sharpness": 102.43353970336078,
      "transform_matrix": [
        [
          0.9943898277292872,
          0.04221791629288444,
          0.0969872056590828,
          -1.8203047725564943
        ],
        [
          0.0970057371552631,
          0.0016142799705203463,
          -0.9952825131886668,
          5.175881947175374
        ],
        [
          -0.04217531833306296,
          0.9991071222112393,
          -0.0024901565093578522,
          0.21907189435275215
        ],
        [
          0.0,
          0.0,
          0.0,
          1.0
        ]
      ]
    },
    {
      "file_path": "./../data/preprocessed/indoor/images/000977.jpg",
      "sharpness": 63.76721738248504,
      "transform_matrix": [
        [
          0.9934177312949194,
          0.02337940505381844,
          0.11213658893214386,
          -1.8187795528528494
        ],
        [
          0.1125846194816525,
          -0.01881550357775035,
          -0.9934639803643086,
          5.158518125394177
        ],
        [
          -0.021116690413066446,
          0.9995495886916279,
          -0.02132381629907176,
          0.2170517500238751
        ],
        [
          0.0,
          0.0,
          0.0,
          1.0
        ]
      ]
    },
    {
      "file_path": "./../data/preprocessed/indoor/images/000976.jpg",
      "sharpness": 37.209013782854385,
      "transform_matrix": [
        [
          0.9896350631257784,
          0.031859488417004346,
          0.1400264790637646,
          -1.816675799031792
        ],
        [
          0.14061543395241427,
          -0.017053453722737498,
          -0.9899174104189241,
          5.143236942872212
        ],
        [
          -0.029150327190360904,
          0.9993468630676193,
          -0.021356631540672848,
          0.21538225322949628
        ],
        [
          0.0,
          0.0,
          0.0,
          1.0
        ]
      ]
    },
    {
      "file_path": "./../data/preprocessed/indoor/images/000975.jpg",
      "sharpness": 98.81036259191748,
      "transform_matrix": [
        [
          0.9866878582948079,
          0.05343987079476083,
          0.1535944351602496,
          -1.813352780651273
        ],
        [
          0.1538260182668671,
          -0.0002230933189372994,
          -0.9880979234537132,
          5.127670681452359
        ],
        [
          -0.05276955946962771,
          0.9985710442667416,
          -0.008440566010115984,
          0.21519816528647465
        ],
        [
          0.0,
          0.0,
          0.0,
          1.0
        ]
      ]
    },
    {
      "file_path": "./../data/preprocessed/indoor/images/000974.jpg",
      "sharpness": 62.09051101466047,
      "transform_matrix": [
        [
          0.9853367064410417,
          0.043581891821267385,
          0.16496118832729087,
          -1.8096005535351054
        ],
        [
          0.1650478689793861,
          0.0016266547592296082,
          -0.9862842161059184,
          5.112473623593412
        ],
        [
          -0.04325246691343239,
          0.9990485337103167,
          -0.005590295728214344,
          0.21586092195689194
        ],
        [
          0.0,
          0.0,
          0.0,
          1.0
        ]
      ]
    },
    {
      "file_path": "./../data/preprocessed/indoor/images/000973.jpg",
      "sharpness": 108.83905158071751,
      "transform_matrix": [
        [
          0.9844068740883938,
          0.04706136374378119,
          0.1694943488711187,
          -1.8042208713474872
        ],
        [
          0.168681590269056,
          0.0207644538782508,
          -0.9854518550185232,
          5.088246833502928
        ],
        [
          -0.04989616579076914,
          0.9986761564725922,
          0.01250228545791001,
          0.21874922921662351
        ],
        [
          0.0,
          0.0,
          0.0,
          1.0
        ]
      ]
    },
    {
      "file_path": "./../data/preprocessed/indoor/images/000972.jpg",
      "sharpness": 123.36053044689969,
      "transform_matrix": [
        [
          0.9856761501638394,
          0.050529628132000445,
          0.16090147198887378,
          -1.8005999012489828
        ],
        [
          0.16015375694822453,
          0.018539873067016977,
          -0.9869179536527014,
          5.0723908044088875
        ],
        [
          -0.052851690061835765,
          0.9985504643214873,
          0.010181800926687006,
          0.21925310950190843
        ],
        [
          0.0,
          0.0,
          0.0,
          1.0
        ]
      ]
    },
    {
      "file_path": "./../data/preprocessed/indoor/images/000971.jpg",
      "sharpness": 114.85376638343145,
      "transform_matrix": [
        [
          0.9855109640512071,
          0.04761124976857163,
          0.16279222536560808,
          -1.7971433936203811
        ],
        [
          0.16259027072513305,
          0.008110228338422764,
          -0.986660340776822,
          5.057490731516871
        ],
        [
          -0.04829641404090434,
          0.9988330156241998,
          0.00025159295904045504,
          0.21794045125639924
        ],
        [
          0.0,
          0.0,
          0.0,
          1.0
        ]
      ]
    },
    {
      "file_path": "./../data/preprocessed/indoor/images/000970.jpg",
      "sharpness": 110.86111802600063,
      "transform_matrix": [
        [
          0.9840525639705334,
          0.040822558125170404,
          0.1731302114025407,
          -1.7929857022939224
        ],
